NACA 0006                                       
 Alfa =   5.00000 Re =        0.000 Xflap,Yflap =     0.000000    0.000000
#    x        y        Cp  
   1.00000  0.00063  0.25789
   0.99420  0.00104  0.13143
   0.98220  0.00187  0.08895
   0.96870  0.00278  0.05233
   0.95501  0.00370  0.03104
   0.94130  0.00460  0.01217
   0.92759  0.00549 -0.00500
   0.91387  0.00637 -0.01849
   0.90016  0.00723 -0.03137
   0.88644  0.00808 -0.04337
   0.87272  0.00891 -0.05398
   0.85900  0.00973 -0.06487
   0.84528  0.01054 -0.07466
   0.83155  0.01133 -0.08447
   0.81783  0.01212 -0.09354
   0.80410  0.01289 -0.10236
   0.79038  0.01365 -0.11215
   0.77665  0.01439 -0.11940
   0.76292  0.01512 -0.12932
   0.74920  0.01584 -0.13703
   0.73547  0.01655 -0.14563
   0.72174  0.01725 -0.15346
   0.70801  0.01793 -0.16207
   0.69428  0.01860 -0.17056
   0.68055  0.01925 -0.17767
   0.66682  0.01989 -0.18771
   0.65309  0.02052 -0.19437
   0.63936  0.02114 -0.20373
   0.62564  0.02174 -0.21185
   0.61191  0.02232 -0.22042
   0.59818  0.02289 -0.22903
   0.58445  0.02345 -0.23748
   0.57073  0.02398 -0.24647
   0.55700  0.02450 -0.25550
   0.54328  0.02501 -0.26427
   0.52955  0.02549 -0.27431
   0.51583  0.02596 -0.28373
   0.50211  0.02640 -0.29294
   0.48839  0.02683 -0.30319
   0.47467  0.02723 -0.31302
   0.46095  0.02762 -0.32298
   0.44724  0.02797 -0.33446
   0.43353  0.02831 -0.34490
   0.41982  0.02862 -0.35622
   0.40611  0.02890 -0.36754
   0.39240  0.02915 -0.37968
   0.37870  0.02938 -0.39204
   0.36500  0.02957 -0.40408
   0.35131  0.02973 -0.41788
   0.33762  0.02986 -0.43129
   0.32393  0.02995 -0.44555
   0.31025  0.03000 -0.45992
   0.29657  0.03001 -0.47589
   0.28290  0.02998 -0.49192
   0.26924  0.02990 -0.50859
   0.25559  0.02977 -0.52666
   0.24194  0.02960 -0.54574
   0.22830  0.02936 -0.56614
   0.21468  0.02907 -0.58771
   0.20107  0.02872 -0.61049
   0.18747  0.02830 -0.63591
   0.17389  0.02780 -0.66346
   0.16034  0.02722 -0.69322
   0.14681  0.02656 -0.72685
   0.13331  0.02580 -0.76439
   0.11985  0.02493 -0.80740
   0.10644  0.02394 -0.85711
   0.09310  0.02281 -0.91588
   0.07985  0.02152 -0.98737
   0.06673  0.02004 -1.07712
   0.05381  0.01833 -1.19471
   0.04123  0.01635 -1.35629
   0.02934  0.01406 -1.59323
   0.01910  0.01155 -1.94962
   0.01168  0.00917 -2.44396
   0.00695  0.00716 -3.05582
   0.00393  0.00543 -3.77618
   0.00193  0.00384 -4.58033
   0.00068  0.00229 -5.20660
   0.00007  0.00074 -4.69831
   0.00007 -0.00074 -2.75311
   0.00068 -0.00229 -0.64389
   0.00193 -0.00384  0.49442
   0.00393 -0.00543  0.91179
   0.00695 -0.00716  0.99990
   0.01168 -0.00917  0.93823
   0.01910 -0.01155  0.81252
   0.02934 -0.01406  0.68258
   0.04123 -0.01635  0.57875
   0.05381 -0.01833  0.49983
   0.06673 -0.02004  0.43888
   0.07985 -0.02152  0.39029
   0.09310 -0.02281  0.35104
   0.10644 -0.02394  0.31829
   0.11985 -0.02493  0.29042
   0.13331 -0.02580  0.26690
   0.14681 -0.02656  0.24630
   0.16034 -0.02722  0.22848
   0.17389 -0.02780  0.21240
   0.18747 -0.02830  0.19871
   0.20107 -0.02872  0.18621
   0.21468 -0.02907  0.17493
   0.22830 -0.02936  0.16500
   0.24194 -0.02960  0.15625
   0.25559 -0.02977  0.14714
   0.26924 -0.02990  0.14059
   0.28290 -0.02998  0.13366
   0.29657 -0.03001  0.12729
   0.31025 -0.03000  0.12156
   0.32393 -0.02995  0.11671
   0.33762 -0.02986  0.11206
   0.35131 -0.02973  0.10746
   0.36500 -0.02957  0.10414
   0.37870 -0.02938  0.09963
   0.39240 -0.02915  0.09705
   0.40611 -0.02890  0.09363
   0.41982 -0.02862  0.09058
   0.43353 -0.02831  0.08837
   0.44724 -0.02797  0.08606
   0.46095 -0.02762  0.08336
   0.47467 -0.02723  0.08190
   0.48839 -0.02683  0.07929
   0.50211 -0.02640  0.07836
   0.51583 -0.02596  0.07677
   0.52955 -0.02549  0.07465
   0.54328 -0.02501  0.07353
   0.55700 -0.02450  0.07250
   0.57073 -0.02398  0.07130
   0.58445 -0.02345  0.07017
   0.59818 -0.02289  0.06945
   0.61191 -0.02232  0.06815
   0.62564 -0.02174  0.06754
   0.63936 -0.02114  0.06736
   0.65309 -0.02052  0.06654
   0.66682 -0.01989  0.06571
   0.68055 -0.01925  0.06577
   0.69428 -0.01860  0.06530
   0.70801 -0.01793  0.06528
   0.72174 -0.01725  0.06429
   0.73547 -0.01655  0.06508
   0.74920 -0.01584  0.06507
   0.76292 -0.01512  0.06471
   0.77665 -0.01439  0.06553
   0.79038 -0.01365  0.06642
   0.80410 -0.01289  0.06624
   0.81783 -0.01212  0.06751
   0.83155 -0.01133  0.06815
   0.84528 -0.01054  0.07010
   0.85900 -0.00973  0.07061
   0.87272 -0.00891  0.07323
   0.88644 -0.00808  0.07470
   0.90016 -0.00723  0.07833
   0.91387 -0.00637  0.08102
   0.92759 -0.00549  0.08544
   0.94130 -0.00460  0.09149
   0.95501 -0.00370  0.09840
   0.96870 -0.00278  0.10887
   0.98220 -0.00187  0.12753
   0.99420 -0.00104  0.15701
   1.00000 -0.00063  0.25789
