NACA 3308                                       
 Alfa =   5.00000 Re =        0.000 Xflap,Yflap =     0.000000    0.000000
#    x        y        Cp  
   1.00000  0.00084  0.32561
   0.99435  0.00185  0.16915
   0.98338  0.00379  0.10027
   0.97026  0.00607  0.04830
   0.95626  0.00846  0.00880
   0.94202  0.01084 -0.02586
   0.92772  0.01319 -0.05508
   0.91339  0.01549 -0.08112
   0.89906  0.01776 -0.10494
   0.88471  0.01998 -0.12798
   0.87036  0.02215 -0.14917
   0.85600  0.02429 -0.16836
   0.84163  0.02638 -0.18802
   0.82725  0.02842 -0.20621
   0.81287  0.03043 -0.22384
   0.79848  0.03239 -0.24109
   0.78409  0.03430 -0.25783
   0.76969  0.03618 -0.27446
   0.75528  0.03801 -0.29039
   0.74087  0.03980 -0.30652
   0.72646  0.04154 -0.32242
   0.71204  0.04324 -0.33769
   0.69762  0.04490 -0.35284
   0.68320  0.04651 -0.36878
   0.66877  0.04808 -0.38438
   0.65434  0.04960 -0.39903
   0.63990  0.05108 -0.41502
   0.62547  0.05251 -0.42999
   0.61103  0.05389 -0.44591
   0.59659  0.05522 -0.46098
   0.58215  0.05651 -0.47746
   0.56771  0.05774 -0.49295
   0.55327  0.05893 -0.50925
   0.53883  0.06006 -0.52576
   0.52439  0.06114 -0.54232
   0.50995  0.06217 -0.55899
   0.49551  0.06314 -0.57676
   0.48108  0.06406 -0.59437
   0.46664  0.06491 -0.61258
   0.45221  0.06571 -0.63138
   0.43779  0.06645 -0.65058
   0.42337  0.06712 -0.67091
   0.40895  0.06773 -0.69117
   0.39454  0.06827 -0.71373
   0.38014  0.06875 -0.73610
   0.36574  0.06915 -0.76108
   0.35136  0.06948 -0.78694
   0.33698  0.06973 -0.81587
   0.32263  0.06990 -0.84786
   0.30832  0.07000 -0.88552
   0.29419  0.07000 -0.94247
   0.28025  0.06982 -0.98343
   0.26637  0.06946 -1.01695
   0.25252  0.06890 -1.04621
   0.23871  0.06814 -1.07327
   0.22493  0.06718 -1.09739
   0.21118  0.06602 -1.12014
   0.19749  0.06465 -1.14136
   0.18384  0.06306 -1.15990
   0.17025  0.06126 -1.17917
   0.15672  0.05923 -1.19611
   0.14328  0.05698 -1.21315
   0.12994  0.05448 -1.23005
   0.11671  0.05175 -1.24732
   0.10361  0.04876 -1.26546
   0.09069  0.04552 -1.28646
   0.07800  0.04200 -1.30997
   0.06561  0.03823 -1.33970
   0.05367  0.03419 -1.37837
   0.04245  0.02997 -1.42918
   0.03238  0.02572 -1.49709
   0.02396  0.02170 -1.58272
   0.01740  0.01813 -1.68471
   0.01249  0.01507 -1.79498
   0.00882  0.01244 -1.91055
   0.00606  0.01014 -2.02348
   0.00397  0.00806 -2.12371
   0.00238  0.00615 -2.18829
   0.00122  0.00433 -2.17291
   0.00045  0.00260 -2.00593
   0.00006  0.00094 -1.60842
   0.00003 -0.00063 -0.99587
   0.00038 -0.00223 -0.23530
   0.00119 -0.00380  0.44535
   0.00246 -0.00528  0.83679
   0.00418 -0.00663  0.98305
   0.00636 -0.00789  0.99383
   0.00911 -0.00907  0.94275
   0.01257 -0.01020  0.86630
   0.01702 -0.01129  0.78139
   0.02289 -0.01234  0.69655
   0.03064 -0.01330  0.61763
   0.04052 -0.01408  0.55023
   0.05226 -0.01461  0.49752
   0.06519 -0.01485  0.45886
   0.07880 -0.01486  0.43084
   0.09279 -0.01469  0.40999
   0.10703 -0.01439  0.39455
   0.12143 -0.01401  0.38254
   0.13595 -0.01358  0.37280
   0.15055 -0.01312  0.36514
   0.16520 -0.01265  0.35827
   0.17982 -0.01218  0.35252
   0.19440 -0.01174  0.34691
   0.20894 -0.01134  0.34165
   0.22345 -0.01098  0.33629
   0.23794 -0.01066  0.33053
   0.25239 -0.01040  0.32431
   0.26683 -0.01021  0.31745
   0.28126 -0.01008  0.30881
   0.29569 -0.01002  0.29691
   0.31020 -0.01000  0.27966
   0.32475 -0.00996  0.26983
   0.33932 -0.00988  0.26126
   0.35391 -0.00978  0.25432
   0.36851 -0.00965  0.24838
   0.38312 -0.00950  0.24297
   0.39774 -0.00933  0.23817
   0.41237 -0.00914  0.23408
   0.42701 -0.00893  0.23010
   0.44165 -0.00871  0.22636
   0.45631 -0.00848  0.22329
   0.47097 -0.00824  0.22057
   0.48564 -0.00799  0.21722
   0.50031 -0.00774  0.21524
   0.51499 -0.00748  0.21229
   0.52967 -0.00721  0.21037
   0.54436 -0.00695  0.20792
   0.55905 -0.00668  0.20590
   0.57374 -0.00641  0.20416
   0.58844 -0.00614  0.20194
   0.60312 -0.00588  0.19992
   0.61781 -0.00561  0.19842
   0.63249 -0.00535  0.19645
   0.64717 -0.00510  0.19474
   0.66184 -0.00485  0.19298
   0.67652 -0.00460  0.19177
   0.69119 -0.00436  0.18976
   0.70586 -0.00413  0.18793
   0.72053 -0.00390  0.18665
   0.73520 -0.00368  0.18503
   0.74987 -0.00347  0.18355
   0.76454 -0.00326  0.18170
   0.77921 -0.00306  0.18094
   0.79388 -0.00287  0.17849
   0.80854 -0.00269  0.17768
   0.82321 -0.00251  0.17624
   0.83788 -0.00234  0.17522
   0.85255 -0.00218  0.17397
   0.86722 -0.00202  0.17339
   0.88190 -0.00187  0.17219
   0.89657 -0.00173  0.17232
   0.91125 -0.00159  0.17305
   0.92592 -0.00145  0.17273
   0.94058 -0.00132  0.17562
   0.95519 -0.00120  0.17907
   0.96956 -0.00108  0.18536
   0.98303 -0.00097  0.19807
   0.99425 -0.00089  0.22675
   1.00000 -0.00084  0.32561
